Accuracy: 0.9854407658556044
Precision: 0.9855719683957403
Recall: 0.9893103448275862
F1 Score: 0.9874376183101016
