Accuracy: 0.9758675708017551
Precision: 0.9812954624177347
Recall: 0.9768965517241379
F1 Score: 0.9790910661828236
