Accuracy: 0.9838452333466294
Precision: 0.9858669424336436
Recall: 0.9862068965517241
F1 Score: 0.9860368901913463
