Accuracy: 0.9846429996011169
Precision: 0.984552008238929
Recall: 0.9889655172413793
F1 Score: 0.9867538276277309
