Accuracy: 0.9832469086557638
Precision: 0.9888888888888889
Recall: 0.9820689655172414
F1 Score: 0.9854671280276817
