Accuracy: 0.9756681292381332
Precision: 0.9806228373702423
Recall: 0.9772413793103448
F1 Score: 0.9789291882556131
