Accuracy: 0.9852413242919824
Precision: 0.9882515549412578
Recall: 0.9862068965517241
F1 Score: 0.9872281670693821
